276262
	72,84
	86,110
	118,288
	292,316
	318,378
276329
	147,194
	196,208
	212,494
	497,503
	507,558
276336
	4,15
	36,54
276416
	373,418
	445,507
276511
	185,450
	452,475
276689
	198,214
	216,463
276731
	60,468
	470,621
	623,673
276778
	177,193
276790
	251,285
276952
	75,214
276954
	208,224
278880
	101,149
	152,211
	213,391
	404,509
	511,578
278912
	119,515
	518,530
278968
	40,128
	131,160
	163,166
279169
	292,573
	588,588
	615,716
	721,909
	911,1056
	1058,1082
279259
	425,526
279279
	291,393
	395,399
	404,453
	498,510
	515,570
279284
	427,882
279345
	99,487
	489,491
	496,499
	502,665
	667,734
279515
	483,487
279598
	605,674
	677,767
	769,770
	772,906
	909,922
	924,1236
	1239,1302
	1304,1306
279685
	238,585
	587,696
	698,706
	708,830
	832,851
	853,860
	878,994
	997,1027
	1035,1048
279764
	39,59
	66,69
	111,112
279813
	336,369
	371,380
	382,459
	462,549
	562,640
	642,859
279867
	175,200
	202,228
	237,435
279928
	448,455
279932
	325,490
	493,659
	661,732
279984
	276,316
	319,432
	436,497
	500,506
	508,829
280231
	143,569
	571,759
	841,995
	997,1005
280319
	100,148
	150,165
	167,680
	691,807
280368
	163,165
	167,189
	192,225
280423
	293,313
	315,350
	352,369
	403,804
	807,820
	828,838
280464
	409,500
	503,801
	804,815
	830,835
280500
	116,191
280520
	166,167
	238,247
	251,251
	261,303
	308,321
	391,402
	461,493
	516,523
280614
	381,417
	419,508
	510,550
